[gd_scene load_steps=6 format=2]

[ext_resource path="res://assets/sketchfab.com/arcade/arcade.tscn" type="PackedScene" id=1]
[ext_resource path="res://assets/sketchfab.com/sci-fi-boxes/Medium_Orange.tscn" type="PackedScene" id=2]
[ext_resource path="res://assets/sketchfab.com/sci-fi-boxes/Large_Orange.tscn" type="PackedScene" id=3]
[ext_resource path="res://assets/sketchfab.com/sci-fi-boxes/Small_Orange.tscn" type="PackedScene" id=4]
[ext_resource path="res://assets/sketchfab.com/sci-fi-fighter/Scene.tscn" type="PackedScene" id=5]

[node name="Assets" type="Spatial"]

[node name="arcade" parent="." instance=ExtResource( 1 )]
transform = Transform( -0.5, 0, -0.866026, 0, 1, 0, 0.866026, 0, -0.5, 11, 0, 7 )

[node name="box_medium_01" parent="." instance=ExtResource( 2 )]
transform = Transform( -0.422618, 0, 0.906308, 0, 1, 0, -0.906308, 0, -0.422618, 11, 0, -7 )

[node name="box_medium_02" parent="." instance=ExtResource( 2 )]
transform = Transform( 0.173648, 0, 0.984808, 0, 1, 0, -0.984808, 0, 0.173648, 11, 0, -5 )

[node name="box_medium_03" parent="." instance=ExtResource( 2 )]
transform = Transform( -0.173648, 0, 0.984808, 0, 1, 0, -0.984808, 0, -0.173648, 11, 0, -3 )

[node name="box_large_01" parent="." instance=ExtResource( 3 )]
transform = Transform( 1, 0, 0, 0, 1, 0, 0, 0, 1, 1, 0, 0 )

[node name="box_large_02" parent="." instance=ExtResource( 3 )]
transform = Transform( 1, 0, 0, 0, 1, 0, 0, 0, 1, 1, 0, -1 )

[node name="box_large_03" parent="." instance=ExtResource( 3 )]
transform = Transform( 1, 0, 0, 0, 1, 0, 0, 0, 1, 1, 0, -2 )

[node name="box_small_01" parent="." instance=ExtResource( 4 )]
transform = Transform( -4.37114e-008, 0, 1, 0, 1, 0, -1, 0, -4.37114e-008, 1, 0, 2 )

[node name="Fighter" parent="." instance=ExtResource( 5 )]
transform = Transform( 1, 0, 0, 0, 1, 0, 0, 0, 1, 6, 2.5, -3 )
